; Computer: Blue Gene/P  
; Installation: Intrepid - Argonne National Laboratory
; Acknowledge: Narayan Desai (desai@mcs.anl.gov), Susan Coghlan (smc@alcf.anl.gov), ANL
; Information: http://www.alcf.anl.gov/resources/storage.php
; Conversion: Wei Tang (wtang6@iit.edu) Feb 16, 2010
; MaxJobs: 68936
; MaxRecords: 68936
; Preemption: No
; UnixStartTime: 1231135224
; TimeZoneString: America/Chicago
; StartTime: Mon Jan  5 00:00:24 GMT-6 2009
; EndTime:   Tue Sep  1 23:42:06 GMT-6 2009
; MaxNodes: 40960
; MaxProcs: 163840
; Note: Scheduler is Cobalt (http://trac.mcs.anl.gov/projects/cobalt/)
;
; 1      2         3      4     5      6     7   8     9    10  11   12  13  14  15 16 17  18
;job#  tSubmt    tWait   tRun #proc  avg_tCpu  reqProc        Status       exec# Q#   PJ TTPJ
;                                         memUsed    tReq  memReq    UID GID      part#
;
    624  506124  55  4767  2048  -1  -1  2048  6600  -1  -1  38  -1  -1  1  -1  -1  -1
    625  506126  82  4739  2048  -1  -1  2048  6600  -1  -1  38  -1  -1  2  -1  -1  -1
    626  506208  53  1270  256  -1  -1  1  3600  -1  -1  7  -1  -1  3  -1  -1  -1
    627  506250  52  4749  2048  -1  -1  2048  6600  -1  -1  38  -1  -1  1  -1  -1  -1
    628  506252  80  4755  2048  -1  -1  2048  6600  -1  -1  38  -1  -1  2  -1  -1  -1
    629  506377  39  459  2048  -1  -1  2048  6600  -1  -1  38  -1  -1  1  -1  -1  -1
    630  506379  174  4757  2048  -1  -1  2048  6600  -1  -1  38  -1  -1  2  -1  -1  -1
    631  506504  37  4754  2048  -1  -1  2048  6600  -1  -1  38  -1  -1  1  -1  -1  -1
    632  506516  61696  33906  32768  -1  -1  8192  43200  -1  -1  7  -1  -1  2  -1  -1  -1
    633  506613  162571  32988  32768  -1  -1  8192  43200  -1  -1  7  -1  -1  2  -1  -1  -1
    634  506629  65  4740  2048  -1  -1  2048  6600  -1  -1  38  -1  -1  2  -1  -1  -1
    635  506724  37  322  256  -1  -1  128  1800  -1  -1  37  -1  -1  3  -1  -1  -1
    636  506754  4144  4746  2048  -1  -1  2048  6600  -1  -1  38  -1  -1  2  -1  -1  -1
    637  507001  40  464  2048  -1  -1  2048  6600  -1  -1  38  -1  -1  1  -1  -1  -1
    638  507130  48  551  256  -1  -1  128  1800  -1  -1  37  -1  -1  3  -1  -1  -1
    639  507615  42  474  2048  -1  -1  2048  6600  -1  -1  38  -1  -1  1  -1  -1  -1
    640  508229  42  449  2048  -1  -1  2048  6600  -1  -1  38  -1  -1  1  -1  -1  -1
    641  508680  40  1052  256  -1  -1  128  1800  -1  -1  37  -1  -1  3  -1  -1  -1
    642  508843  54  459  2048  -1  -1  2048  6600  -1  -1  38  -1  -1  1  -1  -1  -1
    643  508870  49  526  256  -1  -1  1  1800  -1  -1  7  -1  -1  3  -1  -1  -1
    644  509001  43  702  256  -1  -1  1  1800  -1  -1  26  -1  -1  3  -1  -1  -1
    645  509374  1637  4757  2048  -1  -1  2048  6600  -1  -1  38  -1  -1  2  -1  -1  -1
    646  509385  1764  4756  2048  -1  -1  2048  6600  -1  -1  38  -1  -1  2  -1  -1  -1
    647  509424  1945  4748  2048  -1  -1  2048  6600  -1  -1  38  -1  -1  2  -1  -1  -1
    648  509428  2056  4745  2048  -1  -1  2048  6600  -1  -1  38  -1  -1  2  -1  -1  -1
    649  509452  6257  4768  2048  -1  -1  2048  6600  -1  -1  38  -1  -1  2  -1  -1  -1
    650  509458  34  4737  2048  -1  -1  2048  6600  -1  -1  38  -1  -1  1  -1  -1  -1
    651  509736  48  1177  256  -1  -1  64  1800  -1  -1  26  -1  -1  3  -1  -1  -1
    652  509915  46  1865  256  -1  -1  128  1800  -1  -1  37  -1  -1  3  -1  -1  -1
    653  510067  66  1487  256  -1  -1  1  1800  -1  -1  7  -1  -1  3  -1  -1  -1
    654  510304  32  1063  4096  -1  -1  1024  1800  -1  -1  26  -1  -1  2  -1  -1  -1
    655  510890  46  1202  8192  -1  -1  2048  1800  -1  -1  26  -1  -1  2  -1  -1  -1
    656  511051  57  4749  2048  -1  -1  2048  6600  -1  -1  38  -1  -1  1  -1  -1  -1
    657  511177  46  4757  2048  -1  -1  2048  6600  -1  -1  38  -1  -1  1  -1  -1  -1
    658  511190  44  1779  16384  -1  -1  4096  1800  -1  -1  26  -1  -1  2  -1  -1  -1
    659  511425  48  4755  2048  -1  -1  2048  6600  -1  -1  38  -1  -1  1  -1  -1  -1
    660  513125  41  226  256  -1  -1  256  3600  -1  -1  5  -1  -1  3  -1  -1  -1
    661  513894  34  311  256  -1  -1  256  3600  -1  -1  5  -1  -1  3  -1  -1  -1
    662  513903  38  3653  256  -1  -1  256  3600  -1  -1  5  -1  -1  3  -1  -1  -1
    663  513906  64  3662  256  -1  -1  256  3600  -1  -1  5  -1  -1  3  -1  -1  -1
    664  513912  77  3656  256  -1  -1  256  3600  -1  -1  5  -1  -1  3  -1  -1  -1
    665  513918  87  3653  256  -1  -1  256  3600  -1  -1  5  -1  -1  3  -1  -1  -1
    666  513923  379  3659  256  -1  -1  256  3600  -1  -1  5  -1  -1  3  -1  -1  -1
    667  513929  3730  3651  256  -1  -1  256  3600  -1  -1  5  -1  -1  3  -1  -1  -1
    668  514366  51  4747  2048  -1  -1  2048  6600  -1  -1  38  -1  -1  1  -1  -1  -1
    669  514394  34  3932  16384  -1  -1  16384  9000  -1  -1  2  -1  -1  1  -1  -1  -1
    670  515622  55  180  16384  -1  -1  16384  7200  -1  -1  2  -1  -1  1  -1  -1  -1
    671  515716  104  4755  2048  -1  -1  2048  6600  -1  -1  38  -1  -1  2  -1  -1  -1
    672  515785  2640  5074  16384  -1  -1  16384  7200  -1  -1  2  -1  -1  1  -1  -1  -1
    673  515789  7788  5080  16384  -1  -1  16384  7200  -1  -1  2  -1  -1  1  -1  -1  -1
    674  515791  12919  5088  16384  -1  -1  16384  7200  -1  -1  2  -1  -1  1  -1  -1  -1
    675  515793  18065  5078  16384  -1  -1  16384  7200  -1  -1  2  -1  -1  1  -1  -1  -1
    676  515795  23217  5100  16384  -1  -1  16384  14400  -1  -1  2  -1  -1  1  -1  -1  -1
    677  515797  28390  5074  16384  -1  -1  16384  14400  -1  -1  2  -1  -1  1  -1  -1  -1
    678  515800  33507  5099  16384  -1  -1  16384  14400  -1  -1  2  -1  -1  1  -1  -1  -1
    679  515802  38652  5091  16384  -1  -1  16384  14400  -1  -1  2  -1  -1  1  -1  -1  -1
    680  515804  43805  5086  16384  -1  -1  16384  14400  -1  -1  2  -1  -1  1  -1  -1  -1
    681  515806  48941  5094  16384  -1  -1  16384  14400  -1  -1  2  -1  -1  1  -1  -1  -1
    682  515808  54087  5100  16384  -1  -1  16384  14400  -1  -1  2  -1  -1  1  -1  -1  -1
    683  515840  128  4764  2048  -1  -1  2048  6600  -1  -1  38  -1  -1  2  -1  -1  -1
    684  515872  71  2343  32768  -1  -1  32768  7200  -1  -1  2  -1  -1  1  -1  -1  -1
    685  515965  53  4787  2048  -1  -1  2048  6600  -1  -1  38  -1  -1  1  -1  -1  -1
    686  516091  52  4737  2048  -1  -1  2048  6600  -1  -1  38  -1  -1  1  -1  -1  -1
    687  516093  75  4748  2048  -1  -1  2048  6600  -1  -1  38  -1  -1  2  -1  -1  -1
    688  516218  61  4748  2048  -1  -1  2048  6600  -1  -1  38  -1  -1  2  -1  -1  -1
    689  516344  44  4755  2048  -1  -1  2048  6600  -1  -1  38  -1  -1  1  -1  -1  -1
    690  516346  4193  4747  2048  -1  -1  2048  6600  -1  -1  38  -1  -1  2  -1  -1  -1
    691  516747  39  36370  4096  -1  -1  999  36000  -1  -1  5  -1  -1  2  -1  -1  -1
    692  516758  50  15173  4096  -1  -1  999  36000  -1  -1  5  -1  -1  2  -1  -1  -1
    693  516762  1599  15890  4096  -1  -1  999  36000  -1  -1  5  -1  -1  2  -1  -1  -1
    694  516783  1590  9193  4096  -1  -1  999  36000  -1  -1  5  -1  -1  2  -1  -1  -1
    695  516790  1610  15262  4096  -1  -1  999  36000  -1  -1  5  -1  -1  2  -1  -1  -1
    696  516930  10699  14163  4096  -1  -1  999  36000  -1  -1  5  -1  -1  2  -1  -1  -1
    697  516935  15097  11956  4096  -1  -1  999  36000  -1  -1  5  -1  -1  2  -1  -1  -1
    698  516940  16783  10189  4096  -1  -1  999  36000  -1  -1  5  -1  -1  2  -1  -1  -1
    699  516944  17362  10573  4096  -1  -1  999  36000  -1  -1  5  -1  -1  2  -1  -1  -1
    700  518343  70  3650  256  -1  -1  256  3600  -1  -1  5  -1  -1  3  -1  -1  -1
    701  518348  90  3648  256  -1  -1  256  3600  -1  -1  5  -1  -1  3  -1  -1  -1
    702  518605  41  179  2048  -1  -1  2048  28800  -1  -1  27  -1  -1  2  -1  -1  -1
    703  518785  54  28951  8192  -1  -1  8192  28800  -1  -1  27  -1  -1  2  -1  -1  -1
    704  519091  36  28860  2048  -1  -1  1024  28800  -1  -1  27  -1  -1  2  -1  -1  -1
    705  519292  43  4745  2048  -1  -1  2048  6600  -1  -1  38  -1  -1  1  -1  -1  -1
    706  520644  29  4749  2048  -1  -1  2048  6600  -1  -1  38  -1  -1  2  -1  -1  -1
    707  520769  37  4739  2048  -1  -1  2048  6600  -1  -1  38  -1  -1  2  -1  -1  -1
    708  520895  34  4753  2048  -1  -1  2048  6600  -1  -1  38  -1  -1  1  -1  -1  -1
    709  520897  82  4755  2048  -1  -1  2048  6600  -1  -1  38  -1  -1  2  -1  -1  -1
    710  521022  43  4756  2048  -1  -1  2048  6600  -1  -1  38  -1  -1  1  -1  -1  -1
    711  521025  64  4745  2048  -1  -1  2048  6600  -1  -1  38  -1  -1  2  -1  -1  -1
    712  521150  4186  4739  2048  -1  -1  2048  6600  -1  -1  38  -1  -1  2  -1  -1  -1
    713  521276  46  4748  2048  -1  -1  2048  6000  -1  -1  38  -1  -1  1  -1  -1  -1
    714  523123  49  6152  2048  -1  -1  2048  9000  -1  -1  11  -1  -1  1  -1  -1  -1
    715  523124  59  6179  2048  -1  -1  2048  9000  -1  -1  11  -1  -1  1  -1  -1  -1
    716  523125  68  6194  2048  -1  -1  2048  9000  -1  -1  11  -1  -1  1  -1  -1  -1
    717  523126  1041  6125  2048  -1  -1  2048  9000  -1  -1  11  -1  -1  1  -1  -1  -1
    718  523180  40  11018  2048  -1  -1  1024  14400  -1  -1  11  -1  -1  2  -1  -1  -1
    719  523181  50  11021  2048  -1  -1  1024  14400  -1  -1  11  -1  -1  2  -1  -1  -1
    720  523182  59  11011  2048  -1  -1  1024  14400  -1  -1  11  -1  -1  2  -1  -1  -1
    721  523183  81  11015  2048  -1  -1  1024  14400  -1  -1  11  -1  -1  2  -1  -1  -1
    722  523184  2312  11031  2048  -1  -1  1024  14400  -1  -1  11  -1  -1  2  -1  -1  -1
    723  523185  11109  10987  2048  -1  -1  1024  14400  -1  -1  11  -1  -1  2  -1  -1  -1
    724  523186  11143  11014  2048  -1  -1  1024  14400  -1  -1  11  -1  -1  2  -1  -1  -1
    725  523187  11155  233  2048  -1  -1  1024  14400  -1  -1  11  -1  -1  2  -1  -1  -1
    726  523241  2505  10866  2048  -1  -1  2048  14400  -1  -1  11  -1  -1  1  -1  -1  -1
    727  523242  6208  10837  2048  -1  -1  2048  14400  -1  -1  11  -1  -1  1  -1  -1  -1
    728  523243  6894  10864  2048  -1  -1  2048  14400  -1  -1  11  -1  -1  1  -1  -1  -1
    729  523244  7111  10891  2048  -1  -1  2048  14400  -1  -1  11  -1  -1  1  -1  -1  -1
    730  523245  7160  10876  2048  -1  -1  2048  14400  -1  -1  11  -1  -1  1  -1  -1  -1
    731  523246  13431  10815  2048  -1  -1  2048  14400  -1  -1  11  -1  -1  1  -1  -1  -1
    732  523247  17103  10776  2048  -1  -1  2048  14400  -1  -1  11  -1  -1  1  -1  -1  -1
    733  523248  17806  10780  2048  -1  -1  2048  14400  -1  -1  11  -1  -1  1  -1  -1  -1
    734  523483  10873  6200  2048  -1  -1  2048  15000  -1  -1  11  -1  -1  2  -1  -1  -1
    735  523484  11175  6173  2048  -1  -1  2048  15000  -1  -1  11  -1  -1  2  -1  -1  -1
    736  523485  13117  6148  2048  -1  -1  2048  15000  -1  -1  11  -1  -1  2  -1  -1  -1
    737  523486  17131  6185  2048  -1  -1  2048  15000  -1  -1  11  -1  -1  2  -1  -1  -1
    738  523711  17185  6199  2048  -1  -1  2048  15000  -1  -1  11  -1  -1  2  -1  -1  -1
    739  523712  19125  5789  2048  -1  -1  2048  15000  -1  -1  11  -1  -1  2  -1  -1  -1
    740  523713  21618  5769  2048  -1  -1  2048  15000  -1  -1  11  -1  -1  2  -1  -1  -1
    741  523714  21680  6198  2048  -1  -1  2048  15000  -1  -1  11  -1  -1  2  -1  -1  -1
    742  523922  17387  6169  2048  -1  -1  2048  14400  -1  -1  11  -1  -1  1  -1  -1  -1
    743  523923  17411  6171  2048  -1  -1  2048  14400  -1  -1  11  -1  -1  1  -1  -1  -1
    744  523924  23604  5993  2048  -1  -1  2048  14400  -1  -1  11  -1  -1  1  -1  -1  -1
    745  523925  23616  6245  2048  -1  -1  2048  14400  -1  -1  11  -1  -1  1  -1  -1  -1
    746  524100  1508  4759  2048  -1  -1  2048  6000  -1  -1  38  -1  -1  1  -1  -1  -1
    747  525454  355  4756  2048  -1  -1  2048  6000  -1  -1  38  -1  -1  2  -1  -1  -1
    748  525703  182  4742  2048  -1  -1  2048  6000  -1  -1  38  -1  -1  1  -1  -1  -1
    749  525828  94  4756  2048  -1  -1  2048  6000  -1  -1  38  -1  -1  2  -1  -1  -1
    750  525953  168  4756  2048  -1  -1  2048  6000  -1  -1  38  -1  -1  1  -1  -1  -1
    751  525955  3445  4762  2048  -1  -1  2048  6000  -1  -1  38  -1  -1  2  -1  -1  -1
    752  526203  3234  4749  2048  -1  -1  2048  6000  -1  -1  38  -1  -1  1  -1  -1  -1
    753  529405  1236  4747  2048  -1  -1  2048  6000  -1  -1  38  -1  -1  2  -1  -1  -1
    754  530389  316  4746  2048  -1  -1  2048  6000  -1  -1  38  -1  -1  1  -1  -1  -1
    755  530760  56  4747  2048  -1  -1  2048  6000  -1  -1  38  -1  -1  1  -1  -1  -1
    756  530763  189  4759  2048  -1  -1  2048  6000  -1  -1  38  -1  -1  2  -1  -1  -1
    757  531011  3214  4763  2048  -1  -1  2048  6000  -1  -1  38  -1  -1  1  -1  -1  -1
    758  531014  3254  4757  2048  -1  -1  2048  6000  -1  -1  38  -1  -1  2  -1  -1  -1
    759  532262  37  122  256  -1  -1  1  300  -1  -1  39  -1  -1  3  -1  -1  -1
    760  532558  36  124  256  -1  -1  1  1800  -1  -1  39  -1  -1  3  -1  -1  -1
    761  533234  38  526  256  -1  -1  1  1800  -1  -1  39  -1  -1  3  -1  -1  -1
    762  533921  47  1856  256  -1  -1  4  1800  -1  -1  39  -1  -1  3  -1  -1  -1
    763  534335  1102  4762  2048  -1  -1  2048  6000  -1  -1  38  -1  -1  1  -1  -1  -1
    764  534337  1177  4748  2048  -1  -1  2048  6000  -1  -1  38  -1  -1  2  -1  -1  -1
    765  535568  46  4749  2048  -1  -1  2048  6000  -1  -1  38  -1  -1  1  -1  -1  -1
    766  535570  218  4754  2048  -1  -1  2048  6000  -1  -1  38  -1  -1  2  -1  -1  -1
    767  535695  3355  4750  2048  -1  -1  2048  6000  -1  -1  38  -1  -1  1  -1  -1  -1
    768  535820  3267  4751  2048  -1  -1  2048  6000  -1  -1  38  -1  -1  2  -1  -1  -1
    769  539140  1122  4750  2048  -1  -1  2048  6000  -1  -1  38  -1  -1  1  -1  -1  -1
    770  539142  1170  4759  2048  -1  -1  2048  6000  -1  -1  38  -1  -1  2  -1  -1  -1
    771  540372  50  4748  2048  -1  -1  2048  6000  -1  -1  38  -1  -1  1  -1  -1  -1
    772  540375  255  4751  2048  -1  -1  2048  6000  -1  -1  38  -1  -1  2  -1  -1  -1
    773  540501  1366  4754  2048  -1  -1  2048  6000  -1  -1  38  -1  -1  1  -1  -1  -1
    774  540748  1130  4743  2048  -1  -1  2048  6000  -1  -1  38  -1  -1  2  -1  -1  -1
    775  541977  1899  4751  2048  -1  -1  2048  6000  -1  -1  38  -1  -1  2  -1  -1  -1
    776  543819  106  4752  2048  -1  -1  2048  6000  -1  -1  38  -1  -1  1  -1  -1  -1
    777  543944  58  4750  2048  -1  -1  2048  6000  -1  -1  38  -1  -1  2  -1  -1  -1
    778  544069  1065  4752  2048  -1  -1  2048  6000  -1  -1  38  -1  -1  2  -1  -1  -1
    779  545052  44  4753  2048  -1  -1  2048  6000  -1  -1  38  -1  -1  1  -1  -1  -1
    780  545177  266  4736  2048  -1  -1  2048  6000  -1  -1  38  -1  -1  2  -1  -1  -1
    781  545302  42  4749  2048  -1  -1  2048  6000  -1  -1  38  -1  -1  1  -1  -1  -1
    782  545549  1135  4810  2048  -1  -1  2048  6000  -1  -1  38  -1  -1  2  -1  -1  -1
    783  546656  53  4761  2048  -1  -1  2048  6000  -1  -1  38  -1  -1  1  -1  -1  -1
    784  546781  1910  4755  2048  -1  -1  2048  6000  -1  -1  38  -1  -1  2  -1  -1  -1
    785  547599  48302  803  65536  -1  -1  65536  1200  -1  -1  28  -1  -1  2  -1  -1  -1
    786  547787  27258  5107  16384  -1  -1  16384  14400  -1  -1  2  -1  -1  1  -1  -1  -1
    787  547789  32410  5450  16384  -1  -1  16384  14400  -1  -1  2  -1  -1  1  -1  -1  -1
    788  547791  37  3336  16384  -1  -1  16384  14400  -1  -1  2  -1  -1  2  -1  -1  -1
    789  547792  37909  219  16384  -1  -1  16384  14400  -1  -1  2  -1  -1  1  -1  -1  -1
    790  547794  38176  208  16384  -1  -1  16384  14400  -1  -1  2  -1  -1  1  -1  -1  -1
    791  547796  38445  207  16384  -1  -1  16384  7200  -1  -1  2  -1  -1  1  -1  -1  -1
    792  547798  38713  227  16384  -1  -1  16384  7200  -1  -1  2  -1  -1  1  -1  -1  -1
    793  547800  38996  221  16384  -1  -1  16384  7200  -1  -1  2  -1  -1  1  -1  -1  -1
    794  547802  39280  219  16384  -1  -1  16384  7200  -1  -1  2  -1  -1  1  -1  -1  -1
    795  547805  39548  219  16384  -1  -1  16384  7200  -1  -1  2  -1  -1  1  -1  -1  -1
    796  547807  39817  216  16384  -1  -1  16384  7200  -1  -1  2  -1  -1  1  -1  -1  -1
    797  548752  62  4758  2048  -1  -1  2048  6000  -1  -1  38  -1  -1  1  -1  -1  -1
    798  548754  73  4759  2048  -1  -1  2048  6000  -1  -1  38  -1  -1  2  -1  -1  -1
    799  548880  1068  4768  2048  -1  -1  2048  6000  -1  -1  38  -1  -1  2  -1  -1  -1
    800  549850  48  728  2048  -1  -1  1024  14400  -1  -1  37  -1  -1  2  -1  -1  -1
    801  549868  55  4754  2048  -1  -1  2048  6000  -1  -1  38  -1  -1  1  -1  -1  -1
    802  549993  245  4761  2048  -1  -1  2048  6000  -1  -1  38  -1  -1  2  -1  -1  -1
    803  550118  72  4759  2048  -1  -1  2048  6000  -1  -1  38  -1  -1  1  -1  -1  -1
    804  550243  1312  4738  2048  -1  -1  2048  6000  -1  -1  38  -1  -1  2  -1  -1  -1
    805  550411  48  315  4096  -1  -1  2048  28800  -1  -1  27  -1  -1  2  -1  -1  -1
    806  550795  41  29170  2048  -1  -1  1024  28800  -1  -1  27  -1  -1  2  -1  -1  -1
    807  550865  43  3603  4096  -1  -1  2048  28800  -1  -1  27  -1  -1  2  -1  -1  -1
    808  551199  40  3356  16384  -1  -1  16384  14400  -1  -1  2  -1  -1  2  -1  -1  -1
    809  551272  54  927  2048  -1  -1  1024  14400  -1  -1  37  -1  -1  2  -1  -1  -1
    810  551599  79  4760  2048  -1  -1  2048  6000  -1  -1  38  -1  -1  1  -1  -1  -1
    811  551601  1896  4743  2048  -1  -1  2048  6000  -1  -1  38  -1  -1  2  -1  -1  -1
    812  553567  71  4748  2048  -1  -1  2048  6000  -1  -1  38  -1  -1  2  -1  -1  -1
    813  553692  94  4745  2048  -1  -1  2048  6000  -1  -1  38  -1  -1  1  -1  -1  -1
    814  553694  1073  4778  2048  -1  -1  2048  6000  -1  -1  38  -1  -1  2  -1  -1  -1
    815  554006  42  233  2048  -1  -1  1024  14400  -1  -1  37  -1  -1  2  -1  -1  -1
    816  554094  36  957  2048  -1  -1  1024  14400  -1  -1  37  -1  -1  2  -1  -1  -1
    817  554160  30  664  1024  -1  -1  1024  1200  -1  -1  28  -1  -1  3  -1  -1  -1
    818  554167  51  2968  8192  -1  -1  2048  7200  -1  -1  19  -1  -1  2  -1  -1  -1
    819  554415  513  435  2048  -1  -1  2048  1200  -1  -1  28  -1  -1  3  -1  -1  -1
    820  554552  43  404  4096  -1  -1  4096  1200  -1  -1  28  -1  -1  2  -1  -1  -1
    821  554600  42  460  8192  -1  -1  8192  1200  -1  -1  28  -1  -1  2  -1  -1  -1
    822  554618  59  3343  16384  -1  -1  16384  14400  -1  -1  2  -1  -1  2  -1  -1  -1
    823  554803  114  4740  2048  -1  -1  2048  6000  -1  -1  38  -1  -1  1  -1  -1  -1
    824  554806  269  4775  2048  -1  -1  2048  6000  -1  -1  38  -1  -1  2  -1  -1  -1
    825  554893  544  929  512  -1  -1  512  3000  -1  -1  28  -1  -1  3  -1  -1  -1
    826  554934  490  181  1024  -1  -1  1024  1200  -1  -1  28  -1  -1  3  -1  -1  -1
    827  554969  1532  346  2048  -1  -1  2048  1200  -1  -1  28  -1  -1  3  -1  -1  -1
    828  555006  43  338  4096  -1  -1  4096  1200  -1  -1  28  -1  -1  2  -1  -1  -1
    829  555053  102  392  8192  -1  -1  8192  1200  -1  -1  28  -1  -1  2  -1  -1  -1
    830  555055  113  4756  2048  -1  -1  2048  6000  -1  -1  38  -1  -1  1  -1  -1  -1
    831  555181  1161  4759  2048  -1  -1  2048  6000  -1  -1  38  -1  -1  2  -1  -1  -1
    832  555826  57  555  1024  -1  -1  1024  1200  -1  -1  28  -1  -1  3  -1  -1  -1
    833  556100  71  2421  2048  -1  -1  512  2700  -1  -1  40  -1  -1  1  -1  -1  -1
    834  556413  1875  4757  2048  -1  -1  2048  6000  -1  -1  38  -1  -1  2  -1  -1  -1
    835  556538  144  4760  2048  -1  -1  2048  6000  -1  -1  38  -1  -1  1  -1  -1  -1
    836  557341  38  230  2048  -1  -1  1024  14400  -1  -1  37  -1  -1  2  -1  -1  -1
    837  557447  40  221  16384  -1  -1  16384  1200  -1  -1  28  -1  -1  2  -1  -1  -1
    838  557456  9766  905  32768  -1  -1  32768  1200  -1  -1  28  -1  -1  2  -1  -1  -1
    839  558033  38  726  16384  -1  -1  16384  1200  -1  -1  28  -1  -1  2  -1  -1  -1
    840  558064  31  5702  16384  -1  -1  16384  14400  -1  -1  2  -1  -1  2  -1  -1  -1
    841  558383  65  4771  2048  -1  -1  2048  6000  -1  -1  38  -1  -1  2  -1  -1  -1
    842  558508  1113  4745  2048  -1  -1  2048  6000  -1  -1  38  -1  -1  2  -1  -1  -1
    843  558634  176  5119  2048  -1  -1  2048  6000  -1  -1  38  -1  -1  1  -1  -1  -1
    844  558679  34  920  8192  -1  -1  2048  7200  -1  -1  19  -1  -1  2  -1  -1  -1
    845  559740  197  4758  2048  -1  -1  2048  6000  -1  -1  38  -1  -1  1  -1  -1  -1
    846  559742  157  4760  2048  -1  -1  2048  6000  -1  -1  38  -1  -1  2  -1  -1  -1
    847  559990  208  4742  2048  -1  -1  2048  6000  -1  -1  38  -1  -1  1  -1  -1  -1
    848  559993  1159  4751  2048  -1  -1  2048  6000  -1  -1  38  -1  -1  2  -1  -1  -1
    849  560784  48  146  256  -1  -1  64  3600  -1  -1  5  -1  -1  3  -1  -1  -1
    850  560788  56  270  256  -1  -1  64  3600  -1  -1  5  -1  -1  3  -1  -1  -1
    851  560792  65  244  256  -1  -1  64  3600  -1  -1  5  -1  -1  3  -1  -1  -1
    852  560796  85  790  256  -1  -1  64  3600  -1  -1  5  -1  -1  3  -1  -1  -1
    853  560803  91  1070  256  -1  -1  64  3600  -1  -1  5  -1  -1  3  -1  -1  -1
    854  560809  219  1355  256  -1  -1  64  3600  -1  -1  5  -1  -1  3  -1  -1  -1
    855  560815  362  1158  256  -1  -1  64  3600  -1  -1  5  -1  -1  3  -1  -1  -1
    856  560824  363  570  256  -1  -1  64  3600  -1  -1  5  -1  -1  3  -1  -1  -1
    857  560829  904  2015  256  -1  -1  64  3600  -1  -1  5  -1  -1  3  -1  -1  -1
    858  560835  984  132  256  -1  -1  64  3600  -1  -1  5  -1  -1  3  -1  -1  -1
    859  560843  1578  895  1024  -1  -1  256  3600  -1  -1  5  -1  -1  3  -1  -1  -1
    860  560851  2525  2263  1024  -1  -1  256  3600  -1  -1  5  -1  -1  3  -1  -1  -1
