    68615  20622546  11  2175  8192  -1  -1  2048  10800  -1  -1  9  -1  -1  2  -1  -1  -1
    68616  20622590  15  1196  2048  -1  -1  512  2700  -1  -1  202  -1  -1  2  -1  -1  -1
    68617  20623041  1716  2295  8192  -1  -1  2048  10800  -1  -1  9  -1  -1  2  -1  -1  -1
    68618  20623048  4009  2541  8192  -1  -1  2048  10800  -1  -1  9  -1  -1  2  -1  -1  -1
    68619  20623054  6566  1952  8192  -1  -1  2048  10800  -1  -1  9  -1  -1  2  -1  -1  -1
    68620  20623060  8533  2049  8192  -1  -1  2048  10800  -1  -1  9  -1  -1  2  -1  -1  -1
    68621  20623066  10606  2260  8192  -1  -1  2048  10800  -1  -1  9  -1  -1  2  -1  -1  -1
    68622  20623072  12883  2378  8192  -1  -1  2048  10800  -1  -1  9  -1  -1  2  -1  -1  -1
    68623  20623079  15287  2191  8192  -1  -1  2048  10800  -1  -1  9  -1  -1  2  -1  -1  -1
    68624  20623085  30854  2335  8192  -1  -1  2048  10800  -1  -1  9  -1  -1  2  -1  -1  -1
    68625  20623091  33199  2241  8192  -1  -1  2048  10800  -1  -1  9  -1  -1  2  -1  -1  -1
    68626  20623096  40363  2589  8192  -1  -1  2048  10800  -1  -1  9  -1  -1  2  -1  -1  -1
    68627  20623102  42984  2319  8192  -1  -1  2048  10800  -1  -1  9  -1  -1  2  -1  -1  -1
    68628  20623109  45304  2287  8192  -1  -1  2048  10800  -1  -1  9  -1  -1  2  -1  -1  -1
    68629  20623119  47587  2370  8192  -1  -1  2048  10800  -1  -1  9  -1  -1  2  -1  -1  -1
    68630  20623125  49959  2301  8192  -1  -1  2048  10800  -1  -1  9  -1  -1  2  -1  -1  -1
    68631  20623131  52279  2434  8192  -1  -1  2048  10800  -1  -1  9  -1  -1  2  -1  -1  -1
    68632  20623140  54710  2315  8192  -1  -1  2048  10800  -1  -1  9  -1  -1  2  -1  -1  -1
    68633  20623148  57034  2417  8192  -1  -1  2048  10800  -1  -1  9  -1  -1  2  -1  -1  -1
    68634  20623155  59479  2298  8192  -1  -1  2048  10800  -1  -1  9  -1  -1  2  -1  -1  -1
    68635  20623163  61778  2466  8192  -1  -1  2048  10800  -1  -1  9  -1  -1  2  -1  -1  -1
    68636  20624433  10  1874  2048  -1  -1  2048  1800  -1  -1  214  -1  -1  3  -1  -1  -1
    68637  20624485  6  175  256  -1  -1  128  3600  -1  -1  117  -1  -1  3  -1  -1  -1
    68638  20625572  16  1293  2048  -1  -1  512  2700  -1  -1  202  -1  -1  2  -1  -1  -1
    68639  20625717  11  22915  2048  -1  -1  1024  43200  -1  -1  18  -1  -1  2  -1  -1  -1
    68640  20627473  8  15404  8192  -1  -1  2048  18000  -1  -1  147  -1  -1  2  -1  -1  -1
    68641  20627502  4  165  256  -1  -1  128  3600  -1  -1  117  -1  -1  3  -1  -1  -1
    68642  20627641  11  264  256  -1  -1  128  3600  -1  -1  117  -1  -1  3  -1  -1  -1
    68643  20628650  5  591  2048  -1  -1  512  2700  -1  -1  202  -1  -1  2  -1  -1  -1
    68644  20629358  892  3652  8192  -1  -1  1944  3600  -1  -1  25  -1  -1  2  -1  -1  -1
    68645  20629711  64590  36862  2048  -1  -1  512  39600  -1  -1  206  -1  -1  2  -1  -1  -1
    68646  20630088  19  8335  2048  -1  -1  512  10800  -1  -1  40  -1  -1  2  -1  -1  -1
    68647  20630133  12  3670  256  -1  -1  256  3600  -1  -1  117  -1  -1  3  -1  -1  -1
    68648  20630212  3  8237  2048  -1  -1  512  10800  -1  -1  40  -1  -1  2  -1  -1  -1
    68649  20630337  20  8301  2048  -1  -1  512  10800  -1  -1  40  -1  -1  2  -1  -1  -1
    68650  20630462  2  8398  2048  -1  -1  512  10800  -1  -1  40  -1  -1  2  -1  -1  -1
    68651  20630588  6  8578  2048  -1  -1  512  10800  -1  -1  40  -1  -1  2  -1  -1  -1
    68652  20630712  7  8550  2048  -1  -1  512  10800  -1  -1  40  -1  -1  2  -1  -1  -1
    68653  20630836  10  8606  2048  -1  -1  512  10800  -1  -1  40  -1  -1  2  -1  -1  -1
    68654  20630960  9  8461  2048  -1  -1  512  10800  -1  -1  40  -1  -1  2  -1  -1  -1
    68655  20630977  15  3750  256  -1  -1  128  3600  -1  -1  117  -1  -1  3  -1  -1  -1
    68656  20631035  7  413  256  -1  -1  128  3600  -1  -1  117  -1  -1  3  -1  -1  -1
    68657  20631084  6  8330  2048  -1  -1  512  10800  -1  -1  40  -1  -1  2  -1  -1  -1
    68658  20631209  2769  9305  2048  -1  -1  512  10800  -1  -1  40  -1  -1  2  -1  -1  -1
    68659  20631333  2659  8827  2048  -1  -1  512  10800  -1  -1  40  -1  -1  2  -1  -1  -1
    68660  20631457  2548  8804  2048  -1  -1  512  10800  -1  -1  40  -1  -1  2  -1  -1  -1
    68661  20631803  7650  43330  8192  -1  -1  4096  43200  -1  -1  117  -1  -1  2  -1  -1  -1
    68662  20631804  7910  40004  8192  -1  -1  4096  43200  -1  -1  117  -1  -1  2  -1  -1  -1
    68663  20631805  22147  43337  8192  -1  -1  4096  43200  -1  -1  117  -1  -1  2  -1  -1  -1
    68664  20631860  26672  4919  8192  -1  -1  8192  43200  -1  -1  117  -1  -1  2  -1  -1  -1
    68665  20631862  40509  4990  8192  -1  -1  8192  43200  -1  -1  117  -1  -1  2  -1  -1  -1
    68666  20631864  40520  4175  8192  -1  -1  8192  43200  -1  -1  117  -1  -1  2  -1  -1  -1
    68667  20631961  44643  17879  8192  -1  -1  8192  43200  -1  -1  117  -1  -1  2  -1  -1  -1
    68668  20631962  45431  43331  8192  -1  -1  8192  43200  -1  -1  117  -1  -1  2  -1  -1  -1
    68669  20631963  46701  37251  8192  -1  -1  8192  43200  -1  -1  117  -1  -1  2  -1  -1  -1
    68670  20632014  15  167  256  -1  -1  128  3600  -1  -1  117  -1  -1  3  -1  -1  -1
    68671  20632261  1757  2043  2048  -1  -1  512  3300  -1  -1  202  -1  -1  2  -1  -1  -1
    68672  20634470  15  578  1024  -1  -1  256  3600  -1  -1  14  -1  -1  3  -1  -1  -1
    68673  20634838  14  2302  256  -1  -1  128  3600  -1  -1  117  -1  -1  3  -1  -1  -1
    68674  20635515  11  1008  1024  -1  -1  256  3600  -1  -1  14  -1  -1  3  -1  -1  -1
    68675  20637047  41639  5113  8192  -1  -1  4096  43200  -1  -1  117  -1  -1  2  -1  -1  -1
    68676  20637048  45754  11378  8192  -1  -1  4096  43200  -1  -1  117  -1  -1  2  -1  -1  -1
    68677  20637049  46566  4849  8192  -1  -1  4096  43200  -1  -1  117  -1  -1  2  -1  -1  -1
    68678  20638489  9  8266  2048  -1  -1  512  10800  -1  -1  40  -1  -1  2  -1  -1  -1
    68679  20638613  6  8564  2048  -1  -1  512  10800  -1  -1  40  -1  -1  2  -1  -1  -1
    68680  20638736  6  8333  2048  -1  -1  512  10800  -1  -1  40  -1  -1  2  -1  -1  -1
    68681  20638981  4  8383  2048  -1  -1  512  10800  -1  -1  40  -1  -1  2  -1  -1  -1
    68682  20639226  9  8304  2048  -1  -1  512  10800  -1  -1  40  -1  -1  2  -1  -1  -1
    68683  20639349  9  8278  2048  -1  -1  512  10800  -1  -1  40  -1  -1  2  -1  -1  -1
    68684  20639473  3346  8924  2048  -1  -1  512  10800  -1  -1  40  -1  -1  2  -1  -1  -1
    68685  20639597  3235  8804  2048  -1  -1  512  10800  -1  -1  40  -1  -1  2  -1  -1  -1
    68686  20639720  3186  8848  2048  -1  -1  512  10800  -1  -1  40  -1  -1  2  -1  -1  -1
    68687  20640014  2879  734  4096  -1  -1  4096  900  -1  -1  22  -1  -1  2  -1  -1  -1
    68688  20640721  19  685  2048  -1  -1  2048  900  -1  -1  22  -1  -1  3  -1  -1  -1
    68689  20641512  3  703  2048  -1  -1  2048  900  -1  -1  22  -1  -1  3  -1  -1  -1
    68690  20642268  6  709  2048  -1  -1  2048  900  -1  -1  22  -1  -1  3  -1  -1  -1
    68691  20642872  47  8824  2048  -1  -1  512  10800  -1  -1  40  -1  -1  2  -1  -1  -1
    68692  20642996  300  9039  2048  -1  -1  512  10800  -1  -1  40  -1  -1  2  -1  -1  -1
    68693  20643036  6  704  2048  -1  -1  2048  900  -1  -1  22  -1  -1  3  -1  -1  -1
    68694  20643361  282  8863  2048  -1  -1  512  10800  -1  -1  40  -1  -1  2  -1  -1  -1
    68695  20643992  13  697  2048  -1  -1  2048  900  -1  -1  22  -1  -1  3  -1  -1  -1
    68696  20644071  18  462  1024  -1  -1  256  3600  -1  -1  14  -1  -1  3  -1  -1  -1
    68697  20644586  14  3658  256  -1  -1  256  3600  -1  -1  3  -1  -1  3  -1  -1  -1
    68698  20644781  5  710  2048  -1  -1  2048  900  -1  -1  22  -1  -1  3  -1  -1  -1
    68699  20645029  9  2631  256  -1  -1  256  3600  -1  -1  3  -1  -1  3  -1  -1  -1
    68700  20645659  14  680  2048  -1  -1  2048  900  -1  -1  22  -1  -1  3  -1  -1  -1
    68701  20646876  7  8672  2048  -1  -1  512  10800  -1  -1  40  -1  -1  2  -1  -1  -1
    68702  20647121  14  8945  2048  -1  -1  512  10800  -1  -1  40  -1  -1  2  -1  -1  -1
    68703  20647245  8  9010  2048  -1  -1  512  10800  -1  -1  40  -1  -1  2  -1  -1  -1
    68704  20647490  8  8819  2048  -1  -1  512  10800  -1  -1  40  -1  -1  2  -1  -1  -1
    68705  20647614  17  8740  2048  -1  -1  512  10800  -1  -1  40  -1  -1  2  -1  -1  -1
    68706  20647737  12  8925  2048  -1  -1  512  10800  -1  -1  40  -1  -1  2  -1  -1  -1
    68707  20651757  4  8175  2048  -1  -1  512  10800  -1  -1  40  -1  -1  2  -1  -1  -1
    68708  20651883  22  8653  2048  -1  -1  512  10800  -1  -1  40  -1  -1  2  -1  -1  -1
    68709  20652007  12  8325  2048  -1  -1  512  10800  -1  -1  40  -1  -1  2  -1  -1  -1
    68710  20652134  8  8481  2048  -1  -1  512  10800  -1  -1  40  -1  -1  2  -1  -1  -1
    68711  20652379  9  8461  2048  -1  -1  512  10800  -1  -1  40  -1  -1  2  -1  -1  -1
    68712  20652624  7  8273  2048  -1  -1  512  10800  -1  -1  40  -1  -1  2  -1  -1  -1
    68713  20655655  11  8279  2048  -1  -1  512  10800  -1  -1  40  -1  -1  2  -1  -1  -1
    68714  20656141  6  269  4096  -1  -1  4096  1800  -1  -1  33  -1  -1  2  -1  -1  -1
    68715  20656142  27  8342  2048  -1  -1  512  10800  -1  -1  40  -1  -1  2  -1  -1  -1
    68716  20656387  6  8388  2048  -1  -1  512  10800  -1  -1  40  -1  -1  2  -1  -1  -1
    68717  20656440  3  874  4096  -1  -1  4096  1800  -1  -1  33  -1  -1  2  -1  -1  -1
    68718  20656515  3  8348  2048  -1  -1  512  10800  -1  -1  40  -1  -1  2  -1  -1  -1
    68719  20656638  10  8175  2048  -1  -1  512  10800  -1  -1  40  -1  -1  2  -1  -1  -1
    68720  20656762  4  8155  2048  -1  -1  512  10800  -1  -1  40  -1  -1  2  -1  -1  -1
    68721  20656881  14227  1251  16384  -1  -1  4096  1800  -1  -1  235  -1  -1  2  -1  -1  -1
    68722  20657325  7  385  4096  -1  -1  4096  1800  -1  -1  33  -1  -1  2  -1  -1  -1
    68723  20657457  291  227  2048  -1  -1  2048  36000  -1  -1  27  -1  -1  2  -1  -1  -1
    68724  20657766  234  510  4096  -1  -1  4096  1800  -1  -1  33  -1  -1  2  -1  -1  -1
    68725  20658115  404  227  2048  -1  -1  2048  36000  -1  -1  27  -1  -1  2  -1  -1  -1
    68726  20659006  12  799  4096  -1  -1  4096  1800  -1  -1  33  -1  -1  2  -1  -1  -1
    68727  20659832  200  645  4096  -1  -1  4096  1800  -1  -1  33  -1  -1  2  -1  -1  -1
    68728  20660033  13  8381  2048  -1  -1  512  10800  -1  -1  40  -1  -1  2  -1  -1  -1
    68729  20660399  14  8400  2048  -1  -1  512  10800  -1  -1  40  -1  -1  2  -1  -1  -1
    68730  20660644  4  8369  2048  -1  -1  512  10800  -1  -1  40  -1  -1  2  -1  -1  -1
    68731  20660767  24  8291  2048  -1  -1  512  10800  -1  -1  40  -1  -1  2  -1  -1  -1
    68732  20660790  14  765  4096  -1  -1  4096  1800  -1  -1  33  -1  -1  2  -1  -1  -1
    68733  20660891  8  8236  2048  -1  -1  512  10800  -1  -1  40  -1  -1  2  -1  -1  -1
    68734  20661014  15  8609  2048  -1  -1  512  10800  -1  -1  40  -1  -1  2  -1  -1  -1
    68735  20661336  19  3673  256  -1  -1  64  3600  -1  -1  158  -1  -1  3  -1  -1  -1
    68736  20662229  6  5121  4096  -1  -1  4096  43200  -1  -1  167  -1  -1  2  -1  -1  -1
    68737  20664046  8  8818  2048  -1  -1  512  10800  -1  -1  40  -1  -1  2  -1  -1  -1
    68738  20664474  16  484  4096  -1  -1  4096  1800  -1  -1  33  -1  -1  2  -1  -1  -1
    68739  20664533  6  8430  2048  -1  -1  512  10800  -1  -1  40  -1  -1  2  -1  -1  -1
    68740  20664858  12367  14437  16384  -1  -1  3888  14400  -1  -1  25  -1  -1  2  -1  -1  -1
    68741  20664900  13  8377  2048  -1  -1  512  10800  -1  -1  40  -1  -1  2  -1  -1  -1
    68742  20665024  22  8607  2048  -1  -1  512  10800  -1  -1  40  -1  -1  2  -1  -1  -1
    68743  20665071  9  1869  4096  -1  -1  4096  1800  -1  -1  33  -1  -1  2  -1  -1  -1
    68744  20665148  3  8480  2048  -1  -1  512  10800  -1  -1  40  -1  -1  2  -1  -1  -1
    68745  20665277  6  8585  2048  -1  -1  512  10800  -1  -1  40  -1  -1  2  -1  -1  -1
    68746  20665440  1935  186  4096  -1  -1  4096  43200  -1  -1  167  -1  -1  2  -1  -1  -1
    68747  20665847  1114  1346  4096  -1  -1  4096  1800  -1  -1  33  -1  -1  2  -1  -1  -1
    68748  20666422  11  3666  256  -1  -1  64  3600  -1  -1  158  -1  -1  3  -1  -1  -1
    68749  20668289  11  1886  4096  -1  -1  4096  1800  -1  -1  33  -1  -1  2  -1  -1  -1
    68750  20668518  5  10234  4096  -1  -1  4096  43200  -1  -1  167  -1  -1  2  -1  -1  -1
    68751  20668551  20  9080  2048  -1  -1  512  10800  -1  -1  40  -1  -1  2  -1  -1  -1
    68752  20668916  4  8665  2048  -1  -1  512  10800  -1  -1  40  -1  -1  2  -1  -1  -1
    68753  20669040  5  8616  2048  -1  -1  512  10800  -1  -1  40  -1  -1  2  -1  -1  -1
    68754  20669164  14  8633  2048  -1  -1  512  10800  -1  -1  40  -1  -1  2  -1  -1  -1
    68755  20669288  6  8787  2048  -1  -1  512  10800  -1  -1  40  -1  -1  2  -1  -1  -1
    68756  20669653  24  8651  2048  -1  -1  512  10800  -1  -1  40  -1  -1  2  -1  -1  -1
    68757  20670852  3  3665  256  -1  -1  64  3600  -1  -1  158  -1  -1  3  -1  -1  -1
    68758  20672925  7  8481  2048  -1  -1  512  10800  -1  -1  40  -1  -1  2  -1  -1  -1
    68759  20673049  13  8555  2048  -1  -1  512  10800  -1  -1  40  -1  -1  2  -1  -1  -1
    68760  20673298  6  8632  2048  -1  -1  512  10800  -1  -1  40  -1  -1  2  -1  -1  -1
    68761  20673666  21  8548  2048  -1  -1  512  10800  -1  -1  40  -1  -1  2  -1  -1  -1
    68762  20673708  4  9540  4096  -1  -1  4096  43200  -1  -1  167  -1  -1  2  -1  -1  -1
    68763  20673790  10  8832  2048  -1  -1  512  10800  -1  -1  40  -1  -1  2  -1  -1  -1
    68764  20673914  12  8672  2048  -1  -1  512  10800  -1  -1  40  -1  -1  2  -1  -1  -1
    68765  20674721  12  353  1024  -1  -1  256  1800  -1  -1  58  -1  -1  3  -1  -1  -1
    68766  20675259  6  940  1024  -1  -1  256  1800  -1  -1  58  -1  -1  3  -1  -1  -1
    68767  20675368  16303  761  16384  -1  -1  4096  1800  -1  -1  235  -1  -1  2  -1  -1  -1
    68768  20676720  7068  8720  8192  -1  -1  8192  28800  -1  -1  58  -1  -1  2  -1  -1  -1
    68769  20676732  3012  3659  8192  -1  -1  1944  3600  -1  -1  25  -1  -1  2  -1  -1  -1
    68770  20677678  13  8589  2048  -1  -1  512  10800  -1  -1  40  -1  -1  2  -1  -1  -1
    68771  20677803  10  8617  2048  -1  -1  512  10800  -1  -1  40  -1  -1  2  -1  -1  -1
    68772  20677928  11  8736  2048  -1  -1  512  10800  -1  -1  40  -1  -1  2  -1  -1  -1
    68773  20678054  14  8896  2048  -1  -1  512  10800  -1  -1  40  -1  -1  2  -1  -1  -1
    68774  20678178  11  8808  2048  -1  -1  512  10800  -1  -1  40  -1  -1  2  -1  -1  -1
    68775  20678422  8  8955  2048  -1  -1  512  10800  -1  -1  40  -1  -1  2  -1  -1  -1
    68776  20679061  12  3667  256  -1  -1  64  3600  -1  -1  158  -1  -1  3  -1  -1  -1
    68777  20679964  5  33838  4096  -1  -1  4096  43200  -1  -1  167  -1  -1  2  -1  -1  -1
    68778  20681454  6  8633  2048  -1  -1  512  10800  -1  -1  40  -1  -1  2  -1  -1  -1
    68779  20681699  243  8546  2048  -1  -1  512  10800  -1  -1  40  -1  -1  2  -1  -1  -1
    68780  20681944  298  8364  2048  -1  -1  512  10800  -1  -1  40  -1  -1  2  -1  -1  -1
    68781  20682310  301  8304  2048  -1  -1  512  10800  -1  -1  40  -1  -1  2  -1  -1  -1
    68782  20682677  5  8255  2048  -1  -1  512  10800  -1  -1  40  -1  -1  2  -1  -1  -1
    68783  20682801  464  8462  2048  -1  -1  512  10800  -1  -1  40  -1  -1  2  -1  -1  -1
    68784  20683141  147  191  2048  -1  -1  512  43200  -1  -1  165  -1  -1  2  -1  -1  -1
    68785  20683566  14  176  2048  -1  -1  512  43200  -1  -1  165  -1  -1  2  -1  -1  -1
    68786  20683951  15  250  2048  -1  -1  512  43200  -1  -1  165  -1  -1  2  -1  -1  -1
    68787  20684468  8  232  2048  -1  -1  512  14400  -1  -1  227  -1  -1  2  -1  -1  -1
    68788  20684510  4  676  2048  -1  -1  2048  900  -1  -1  22  -1  -1  3  -1  -1  -1
    68789  20684910  6  284  2048  -1  -1  512  43200  -1  -1  165  -1  -1  2  -1  -1  -1
    68790  20685032  16  185  512  -1  -1  512  3600  -1  -1  167  -1  -1  3  -1  -1  -1
    68791  20685068  2273  941  8192  -1  -1  1944  3600  -1  -1  25  -1  -1  2  -1  -1  -1
    68792  20685171  57  251  2048  -1  -1  512  43200  -1  -1  165  -1  -1  2  -1  -1  -1
    68793  20685182  33  699  2048  -1  -1  2048  900  -1  -1  22  -1  -1  3  -1  -1  -1
    68794  20685500  15  43203  2048  -1  -1  512  43200  -1  -1  165  -1  -1  2  -1  -1  -1
    68795  20685934  351  43244  2048  -1  -1  512  43200  -1  -1  165  -1  -1  2  -1  -1  -1
    68796  20686019  23  687  2048  -1  -1  2048  900  -1  -1  22  -1  -1  3  -1  -1  -1
    68797  20686121  1265  43347  2048  -1  -1  512  43200  -1  -1  165  -1  -1  2  -1  -1  -1
    68798  20686315  129  7856  2048  -1  -1  512  10800  -1  -1  40  -1  -1  2  -1  -1  -1
    68799  20686439  247  7786  2048  -1  -1  512  10800  -1  -1  40  -1  -1  2  -1  -1  -1
    68800  20686685  276  7651  2048  -1  -1  512  10800  -1  -1  40  -1  -1  2  -1  -1  -1
    68801  20686735  24  712  2048  -1  -1  2048  900  -1  -1  22  -1  -1  3  -1  -1  -1
    68802  20687053  13  7909  2048  -1  -1  512  10800  -1  -1  40  -1  -1  2  -1  -1  -1
    68803  20687176  1146  8098  2048  -1  -1  512  10800  -1  -1  40  -1  -1  2  -1  -1  -1
    68804  20687423  2693  7771  2048  -1  -1  512  10800  -1  -1  40  -1  -1  2  -1  -1  -1
    68805  20687470  24  712  2048  -1  -1  2048  900  -1  -1  22  -1  -1  3  -1  -1  -1
    68806  20687542  4934  8155  4096  -1  -1  4080  21600  -1  -1  118  -1  -1  2  -1  -1  -1
    68807  20688447  7  852  2048  -1  -1  2048  900  -1  -1  22  -1  -1  3  -1  -1  -1
    68808  20689381  22  861  2048  -1  -1  2048  900  -1  -1  22  -1  -1  3  -1  -1  -1
    68809  20690210  396  8028  2048  -1  -1  512  10800  -1  -1  40  -1  -1  2  -1  -1  -1
    68810  20690578  356  7958  2048  -1  -1  512  10800  -1  -1  40  -1  -1  2  -1  -1  -1
    68811  20690702  245  7989  2048  -1  -1  512  10800  -1  -1  40  -1  -1  2  -1  -1  -1
    68812  20690953  780  8242  2048  -1  -1  512  10800  -1  -1  40  -1  -1  2  -1  -1  -1
    68813  20691074  5  3662  256  -1  -1  64  3600  -1  -1  158  -1  -1  3  -1  -1  -1
    68814  20691078  1411  8548  2048  -1  -1  512  10800  -1  -1  40  -1  -1  2  -1  -1  -1
    68815  20691762  8  3665  8192  -1  -1  1944  3600  -1  -1  25  -1  -1  2  -1  -1  -1
    68816  20691809  693  8920  2048  -1  -1  512  10800  -1  -1  40  -1  -1  2  -1  -1  -1
    68817  20692651  9  8120  8192  -1  -1  8192  18000  -1  -1  58  -1  -1  2  -1  -1  -1
    68818  20694125  6  179  512  -1  -1  512  300  -1  -1  203  -1  -1  3  -1  -1  -1
    68819  20694354  7  9041  2048  -1  -1  512  10800  -1  -1  40  -1  -1  2  -1  -1  -1
    68820  20694367  16  175  1024  -1  -1  256  1800  -1  -1  235  -1  -1  3  -1  -1  -1
    68821  20694479  12  9138  2048  -1  -1  512  10800  -1  -1  40  -1  -1  2  -1  -1  -1
    68822  20694535  6  210  1024  -1  -1  1024  300  -1  -1  203  -1  -1  3  -1  -1  -1
    68823  20694724  19  9153  2048  -1  -1  512  10800  -1  -1  40  -1  -1  2  -1  -1  -1
    68824  20694829  14  785  2048  -1  -1  2048  900  -1  -1  22  -1  -1  3  -1  -1  -1
    68825  20694979  10  2353  8192  -1  -1  2048  10800  -1  -1  9  -1  -1  2  -1  -1  -1
    68826  20695090  14  9696  2048  -1  -1  512  10800  -1  -1  40  -1  -1  2  -1  -1  -1
    68827  20695191  9  182  1024  -1  -1  1024  300  -1  -1  203  -1  -1  3  -1  -1  -1
    68828  20695482  1873  2522  8192  -1  -1  2048  10800  -1  -1  9  -1  -1  2  -1  -1  -1
    68829  20695673  9  878  2048  -1  -1  2048  900  -1  -1  22  -1  -1  3  -1  -1  -1
    68830  20695703  4  189  1024  -1  -1  256  1800  -1  -1  235  -1  -1  3  -1  -1  -1
    68831  20695990  8  422  4096  -1  -1  2048  14400  -1  -1  5  -1  -1  2  -1  -1  -1
    68832  20696099  11  191  1024  -1  -1  256  1800  -1  -1  235  -1  -1  3  -1  -1  -1
    68833  20696431  6  9565  2048  -1  -1  512  10800  -1  -1  40  -1  -1  2  -1  -1  -1
    68834  20696604  5  240  2048  -1  -1  2048  3600  -1  -1  103  -1  -1  3  -1  -1  -1
    68835  20696636  21  204  1024  -1  -1  256  1800  -1  -1  235  -1  -1  3  -1  -1  -1
    68836  20696909  11  839  2048  -1  -1  2048  900  -1  -1  22  -1  -1  3  -1  -1  -1
    68837  20697220  13  195  1024  -1  -1  256  1800  -1  -1  235  -1  -1  3  -1  -1  -1
    68838  20697432  8  202  1024  -1  -1  256  1800  -1  -1  235  -1  -1  3  -1  -1  -1
    68839  20697887  23  897  2048  -1  -1  2048  900  -1  -1  22  -1  -1  3  -1  -1  -1
    68840  20698010  8  9894  2048  -1  -1  512  10800  -1  -1  40  -1  -1  2  -1  -1  -1
    68841  20698286  1601  2652  8192  -1  -1  2048  10800  -1  -1  9  -1  -1  2  -1  -1  -1
    68842  20698368  4193  2638  8192  -1  -1  2048  10800  -1  -1  9  -1  -1  2  -1  -1  -1
    68843  20698376  6835  3003  8192  -1  -1  2048  10800  -1  -1  9  -1  -1  2  -1  -1  -1
    68844  20698383  9841  2558  8192  -1  -1  2048  10800  -1  -1  9  -1  -1  2  -1  -1  -1
    68845  20698390  12416  2649  8192  -1  -1  2048  10800  -1  -1  9  -1  -1  2  -1  -1  -1
    68846  20698398  15063  2678  8192  -1  -1  2048  10800  -1  -1  9  -1  -1  2  -1  -1  -1
    68847  20698406  17763  2885  8192  -1  -1  2048  10800  -1  -1  9  -1  -1  2  -1  -1  -1
    68848  20698417  20661  2717  8192  -1  -1  2048  10800  -1  -1  9  -1  -1  2  -1  -1  -1
    68849  20698424  23375  2763  8192  -1  -1  2048  10800  -1  -1  9  -1  -1  2  -1  -1  -1
    68850  20698432  26142  2858  8192  -1  -1  2048  10800  -1  -1  9  -1  -1  2  -1  -1  -1
    68851  20698469  28979  3177  8192  -1  -1  2048  10800  -1  -1  9  -1  -1  2  -1  -1  -1
    68852  20698606  11  179  256  -1  -1  16  1800  -1  -1  235  -1  -1  3  -1  -1  -1
    68853  20698739  20  10563  2048  -1  -1  512  10800  -1  -1  40  -1  -1  2  -1  -1  -1
    68854  20698984  8  10277  2048  -1  -1  512  10800  -1  -1  40  -1  -1  2  -1  -1  -1
    68855  20699108  13  3730  2048  -1  -1  512  10800  -1  -1  40  -1  -1  2  -1  -1  -1
    68856  20699476  9  889  2048  -1  -1  2048  900  -1  -1  22  -1  -1  3  -1  -1  -1
    68857  20700031  3  179  256  -1  -1  16  1800  -1  -1  235  -1  -1  3  -1  -1  -1
    68858  20700084  10  10860  2048  -1  -1  512  10800  -1  -1  40  -1  -1  2  -1  -1  -1
    68859  20700559  23  466  8192  -1  -1  1944  3600  -1  -1  25  -1  -1  2  -1  -1  -1
    68860  20700859  19  9498  8192  -1  -1  8192  21600  -1  -1  58  -1  -1  2  -1  -1  -1
    68861  20701019  3  3660  8192  -1  -1  1944  3600  -1  -1  25  -1  -1  2  -1  -1  -1
    68862  20701051  16  851  2048  -1  -1  2048  900  -1  -1  22  -1  -1  3  -1  -1  -1
    68863  20701058  32  10859  2048  -1  -1  512  10800  -1  -1  40  -1  -1  2  -1  -1  -1
    68864  20701352  9  1954  8192  -1  -1  8184  21600  -1  -1  118  -1  -1  2  -1  -1  -1
    68865  20701546  10  10853  2048  -1  -1  512  10800  -1  -1  40  -1  -1  2  -1  -1  -1
    68866  20702617  7  854  2048  -1  -1  2048  900  -1  -1  22  -1  -1  3  -1  -1  -1
    68867  20702692  7  195  2048  -1  -1  2048  300  -1  -1  203  -1  -1  3  -1  -1  -1
    68868  20702882  9  5497  2048  -1  -1  512  10800  -1  -1  40  -1  -1  2  -1  -1  -1
    68869  20702944  10  372  256  -1  -1  128  1200  -1  -1  207  -1  -1  3  -1  -1  -1
    68870  20703095  17  192  256  -1  -1  16  1800  -1  -1  235  -1  -1  3  -1  -1  -1
    68871  20703227  17  169  256  -1  -1  8  3480  -1  -1  233  -1  -1  3  -1  -1  -1
    68872  20703374  15  1692  256  -1  -1  8  3480  -1  -1  233  -1  -1  3  -1  -1  -1
    68873  20703491  8  10618  2048  -1  -1  512  10800  -1  -1  40  -1  -1  2  -1  -1  -1
    68874  20703541  18  853  2048  -1  -1  2048  900  -1  -1  22  -1  -1  3  -1  -1  -1
    68875  20703664  767  230  2048  -1  -1  2048  300  -1  -1  203  -1  -1  3  -1  -1  -1
    68876  20703730  19  587  256  -1  -1  64  1200  -1  -1  207  -1  -1  3  -1  -1  -1
    68877  20703736  26  10559  2048  -1  -1  512  10800  -1  -1  40  -1  -1  2  -1  -1  -1
    68878  20703981  11  10510  2048  -1  -1  512  10800  -1  -1  40  -1  -1  2  -1  -1  -1
    68879  20704101  11  289  8192  -1  -1  4092  21600  -1  -1  118  -1  -1  2  -1  -1  -1
    68880  20704467  14  191  256  -1  -1  64  1200  -1  -1  207  -1  -1  3  -1  -1  -1
    68881  20704480  14  167  256  -1  -1  1  300  -1  -1  235  -1  -1  3  -1  -1  -1
    68882  20704712  10  165  256  -1  -1  1  300  -1  -1  235  -1  -1  3  -1  -1  -1
    68883  20704832  12  10835  2048  -1  -1  512  10800  -1  -1  40  -1  -1  2  -1  -1  -1
    68884  20704855  14  13721  8192  -1  -1  4080  21600  -1  -1  118  -1  -1  2  -1  -1  -1
    68885  20705115  8  301  256  -1  -1  1  300  -1  -1  235  -1  -1  3  -1  -1  -1
    68886  20705143  6  3445  256  -1  -1  8  3480  -1  -1  233  -1  -1  3  -1  -1  -1
    68887  20705743  12  377  256  -1  -1  64  1200  -1  -1  207  -1  -1  3  -1  -1  -1
    68888  20705850  13  172  256  -1  -1  1  300  -1  -1  235  -1  -1  3  -1  -1  -1
    68889  20706037  3  360  256  -1  -1  16  1800  -1  -1  235  -1  -1  3  -1  -1  -1
    68890  20706047  5  10858  2048  -1  -1  512  10800  -1  -1  40  -1  -1  2  -1  -1  -1
    68891  20706388  10  1256  256  -1  -1  64  1200  -1  -1  207  -1  -1  3  -1  -1  -1
    68892  20706399  12  291  1024  -1  -1  256  1800  -1  -1  235  -1  -1  3  -1  -1  -1
    68893  20706440  7  788  2048  -1  -1  2048  900  -1  -1  22  -1  -1  3  -1  -1  -1
    68894  20707504  8  876  2048  -1  -1  2048  900  -1  -1  22  -1  -1  3  -1  -1  -1
    68895  20707975  21  153  256  -1  -1  1  900  -1  -1  22  -1  -1  3  -1  -1  -1
    68896  20707991  18  10862  2048  -1  -1  512  10800  -1  -1  40  -1  -1  2  -1  -1  -1
    68897  20708416  19  224  4096  -1  -1  4096  43200  -1  -1  167  -1  -1  2  -1  -1  -1
    68898  20708478  14  4834  2048  -1  -1  512  10800  -1  -1  40  -1  -1  2  -1  -1  -1
    68899  20708684  9  856  2048  -1  -1  2048  900  -1  -1  22  -1  -1  3  -1  -1  -1
    68900  20708781  9  1682  256  -1  -1  8  3480  -1  -1  233  -1  -1  3  -1  -1  -1
    68901  20709328  16  10372  2048  -1  -1  512  10800  -1  -1  40  -1  -1  2  -1  -1  -1
    68902  20709452  12  10843  2048  -1  -1  512  10800  -1  -1  40  -1  -1  2  -1  -1  -1
    68903  20709757  21  1893  4096  -1  -1  4096  43200  -1  -1  167  -1  -1  2  -1  -1  -1
    68904  20709789  14  294  256  -1  -1  16  1800  -1  -1  235  -1  -1  3  -1  -1  -1
    68905  20711029  14  10763  2048  -1  -1  512  10800  -1  -1  40  -1  -1  2  -1  -1  -1
    68906  20711230  25  3665  256  -1  -1  64  3600  -1  -1  207  -1  -1  3  -1  -1  -1
    68907  20712000  6  10860  2048  -1  -1  512  10800  -1  -1  40  -1  -1  2  -1  -1  -1
    68908  20712488  16  10586  2048  -1  -1  512  10800  -1  -1  40  -1  -1  2  -1  -1  -1
    68909  20713338  6  9822  2048  -1  -1  512  10800  -1  -1  40  -1  -1  2  -1  -1  -1
    68910  20714188  12  10512  2048  -1  -1  512  10800  -1  -1  40  -1  -1  2  -1  -1  -1
    68911  20714412  19  3613  2048  -1  -1  512  3540  -1  -1  202  -1  -1  2  -1  -1  -1
    68912  20714436  18  10739  2048  -1  -1  512  10800  -1  -1  40  -1  -1  2  -1  -1  -1
    68913  20714576  11  10852  2048  -1  -1  512  10800  -1  -1  40  -1  -1  2  -1  -1  -1
    68914  20714925  15  4297  8192  -1  -1  4096  43200  -1  -1  117  -1  -1  2  -1  -1  -1
    68915  20714927  38  8585  8192  -1  -1  4096  43200  -1  -1  117  -1  -1  2  -1  -1  -1
    68916  20715790  3  10836  2048  -1  -1  512  10800  -1  -1  40  -1  -1  2  -1  -1  -1
    68917  20716205  22  738  2048  -1  -1  2048  900  -1  -1  22  -1  -1  3  -1  -1  -1
    68918  20716250  15  1095  256  -1  -1  128  1800  -1  -1  8  -1  -1  3  -1  -1  -1
    68919  20716456  10  3659  8192  -1  -1  1944  3600  -1  -1  25  -1  -1  2  -1  -1  -1
    68920  20717030  17  10836  2048  -1  -1  512  10800  -1  -1  40  -1  -1  2  -1  -1  -1
    68921  20717834  4  1399  256  -1  -1  128  1800  -1  -1  8  -1  -1  3  -1  -1  -1
    68922  20717889  11  1218  256  -1  -1  128  1800  -1  -1  8  -1  -1  3  -1  -1  -1
    68923  20718970  11  10859  2048  -1  -1  512  10800  -1  -1  40  -1  -1  2  -1  -1  -1
    68924  20719783  5  196  256  -1  -1  128  1800  -1  -1  8  -1  -1  3  -1  -1  -1
    68925  20719820  5  10854  2048  -1  -1  512  10800  -1  -1  40  -1  -1  2  -1  -1  -1
    68926  20719888  7  197  256  -1  -1  128  1800  -1  -1  8  -1  -1  3  -1  -1  -1
    68927  20720289  14  260  256  -1  -1  128  1800  -1  -1  8  -1  -1  3  -1  -1  -1
    68928  20720428  20  10854  2048  -1  -1  512  10800  -1  -1  40  -1  -1  2  -1  -1  -1
    68929  20721100  3  1365  256  -1  -1  128  1800  -1  -1  8  -1  -1  3  -1  -1  -1
    68930  20721291  9  1191  256  -1  -1  128  1800  -1  -1  8  -1  -1  3  -1  -1  -1
    68931  20721995  12  3649  8192  -1  -1  1944  3600  -1  -1  25  -1  -1  2  -1  -1  -1
    68932  20724424  10  193  256  -1  -1  1  900  -1  -1  22  -1  -1  3  -1  -1  -1
    68933  20725064  16  167  256  -1  -1  1  900  -1  -1  22  -1  -1  3  -1  -1  -1
    68934  20725489  3  174  256  -1  -1  1  900  -1  -1  22  -1  -1  3  -1  -1  -1
    68935  20726471  7  162  256  -1  -1  8  900  -1  -1  22  -1  -1  3  -1  -1  -1
    68936  20729542  18  1064  2048  -1  -1  2048  900  -1  -1  22  -1  -1  3  -1  -1  -1
