;job#  tSubmt    tWait   tRun #proc  avg_tCpu  reqProc        Status       exec# Q#   PJ TTPJ
;                                         memUsed    tReq  memReq    UID GID      part#
;
1001     1        1     550  1024     -1    -1  1024  550    -1  1 128  89  -1 -1  4 -1 -1
1002     61       1     550  1024     -1    -1  1024  550    -1  1 128  89  -1 -1  4 -1 -1
1003     121      1     550  1024     -1    -1  1024  550    -1  1 128  89  -1 -1  4 -1 -1
1004     181      1     550  1024     -1    -1  1024  550    -1  1 128  89  -1 -1  4 -1 -1
1005     241      1     550  1024     -1    -1  1024  550    -1  1 128  89  -1 -1  4 -1 -1
1006     301      1     550  1024     -1    -1  1024  550    -1  1 128  89  -1 -1  4 -1 -1
1007     361      1     550  1024     -1    -1  1024  550    -1  1 128  89  -1 -1  4 -1 -1
1008     421      1     550  1024     -1    -1  1024  550    -1  1 128  89  -1 -1  4 -1 -1
1009     481      1     550  1024     -1    -1  1024  550    -1  1 128  89  -1 -1  4 -1 -1
