;job#  tSubmt    tWait   tRun #proc  avg_tCpu  reqProc        Status       exec# Q#   PJ TTPJ
;                                         memUsed    tReq  memReq    UID GID      part#
;
1001     1        1     3600  1024     -1    -1  1024  3600    -1  1 128  89  -1 -1  4 -1 -1
1002     2        1     3600  1024     -1    -1  1024  3600    -1  1 128  89  -1 -1  4 -1 -1
1003     3        1     3600  1024     -1    -1  1024  3600    -1  1 128  89  -1 -1  4 -1 -1
1004     4        1     3600  1024     -1    -1  1024  3600    -1  1 128  89  -1 -1  4 -1 -1
1005     5        1     3600  1024     -1    -1  1024  3600    -1  1 128  89  -1 -1  4 -1 -1
1006     6        1     3600  1024     -1    -1  1024  3600    -1  1 128  89  -1 -1  4 -1 -1
1007     7        1     3600  3072     -1    -1  1024  3600    -1  1 128  89  -1 -1  4 -1 -1
1008     8        1     3600  3072     -1    -1  1024  3600    -1  1 128  89  -1 -1  4 -1 -1
1009     9        1     3600  1024     -1    -1  1024  3600    -1  1 128  89  -1 -1  4 -1 -1
