;job#  tSubmt    tWait   tRun #proc  avg_tCpu  reqProc        Status       exec# Q#   PJ TTPJ
;                                         memUsed    tReq  memReq    UID GID      part#
272393 31656837  33492  86395  256     -1    -1  256  86400    -1  1  87  95  -1 -1  4 -1 -1
272394 31664481 249861   1189 2048     -1    -1 2048  72000    -1  0  21  89  -1 -1  4 -1 -1
272395 31670706 271173      0   -1     -1    -1  128  86400    -1  5 204 131  -1 -1  4 -1 -1
272396 31673946 139686  86389  128     -1    -1  128  86400    -1  1 204 131  -1 -1  4 -1 -1
272397 31680389  36678  60943 2048     -1    -1 2048  72000    -1  1 235 137  -1 -1  4 -1 -1
272398 31683520 166502  86608  128     -1    -1  128  86400    -1  0 204 131  -1 -1  4 -1 -1
272399 31683520 166682  86608  128     -1    -1  128  86400    -1  0 204 131  -1 -1  4 -1 -1
272400 31687950      9     61   32     -1    -1   32   1800    -1  1 275 160  -1 -1  4 -1 -1
272401 31688404      5     58   64     -1    -1   64   1800    -1  1 275 160  -1 -1  4 -1 -1
272402 31688537     22     71  128     -1    -1  128   1800    -1  1 275 160  -1 -1  4 -1 -1
